-0.01793	-3.84075E-8
-0.01792	-3.80364E-8
-0.01792	-3.7655E-8
-0.01791	-3.72703E-8
-0.01791	-3.68925E-8
-0.0179	-3.64961E-8
-0.0179	-3.60954E-8
-0.01789	-3.56948E-8
-0.01789	-3.53038E-8
-0.01788	-3.49003E-8
-0.01787	-3.45146E-8
-0.01786	-3.41367E-8
-0.01786	-3.37623E-8
-0.01785	-3.33788E-8
-0.01785	-3.29957E-8
-0.01784	-3.26155E-8
-0.01784	-3.22066E-8
-0.01783	-3.18105E-8
-0.01782	-3.14146E-8
-0.01782	-3.10148E-8
-0.01781	-3.06235E-8
-0.0178	-3.02465E-8
-0.01779	-2.98667E-8
-0.01779	-2.94846E-8
-0.01778	-2.90973E-8
-0.01778	-2.87221E-8
-0.01777	-2.83304E-8
-0.01776	-2.79285E-8
-0.01775	-2.75326E-8
-0.01774	-2.71362E-8
-0.01773	-2.67374E-8
-0.01773	-2.63442E-8
-0.01772	-2.59747E-8
-0.01771	-2.55907E-8
-0.01771	-2.52033E-8
-0.0177	-2.48224E-8
-0.01769	-2.44289E-8
-0.01768	-2.40335E-8
-0.01767	-2.36423E-8
-0.01766	-2.32529E-8
-0.01765	-2.28625E-8
-0.01764	-2.24673E-8
-0.01764	-2.20846E-8
-0.01762	-2.16991E-8
-0.01761	-2.13139E-8
-0.0176	-2.09255E-8
-0.01759	-2.05443E-8
-0.01758	-2.01461E-8
-0.01757	-1.97585E-8
-0.01756	-1.93634E-8
-0.01755	-1.89739E-8
-0.01754	-1.85806E-8
-0.01753	-1.81882E-8
-0.01751	-1.78065E-8
-0.0175	-1.74203E-8
-0.01749	-1.70352E-8
-0.01747	-1.66477E-8
-0.01746	-1.62615E-8
-0.01745	-1.58646E-8
-0.01743	-1.54739E-8
-0.01741	-1.5085E-8
-0.0174	-1.46913E-8
-0.01738	-1.42989E-8
-0.01737	-1.39171E-8
-0.01735	-1.35299E-8
-0.01733	-1.31447E-8
-0.01732	-1.27582E-8
-0.0173	-1.23772E-8
-0.01728	-1.19795E-8
-0.01726	-1.15851E-8
-0.01724	-1.11949E-8
-0.01722	-1.0806E-8
-0.01719	-1.04132E-8
-0.01717	-1.00254E-8
-0.01715	-9.63057E-9
-0.01712	-9.25542E-9
-0.01709	-8.86807E-9
-0.01706	-8.48001E-9
-0.01703	-8.10335E-9
-0.017	-7.72686E-9
-0.01697	-7.3706E-9
-0.01694	-7.04364E-9
-0.01691	-6.71634E-9
-0.01688	-6.40746E-9
-0.01684	-6.11393E-9
-0.01681	-5.8305E-9
-0.01678	-5.56846E-9
-0.01674	-5.3161E-9
-0.0167	-5.08004E-9
-0.01667	-4.85392E-9
-0.01663	-4.62241E-9
-0.01659	-4.4097E-9
-0.01655	-4.20566E-9
-0.0165	-4.00466E-9
-0.01646	-3.82587E-9
-0.01642	-3.65515E-9
-0.01637	-3.49049E-9
-0.01632	-3.33162E-9
-0.01626	-3.18546E-9
-0.01621	-3.04205E-9
-0.01616	-2.8939E-9
-0.0161	-2.752E-9
-0.01604	-2.61562E-9
-0.01597	-2.50329E-9
-0.0159	-2.3907E-9
-0.01583	-2.28302E-9
-0.01576	-2.1793E-9
-0.01568	-2.08652E-9
-0.0156	-1.97968E-9
-0.01552	-1.88542E-9
-0.01543	-1.79629E-9
-0.01533	-1.71078E-9
-0.01524	-1.62357E-9
-0.01514	-1.54925E-9
-0.01503	-1.48336E-9
-0.01502	-1.4675E-9
-0.01496	-1.43351E-9
-0.0149	-1.398E-9
-0.01484	-1.36413E-9
-0.01476	-1.32892E-9
-0.01471	-1.29478E-9
-0.01463	-1.25956E-9
-0.01456	-1.22597E-9
-0.01449	-1.19111E-9
-0.0144	-1.15798E-9
-0.0143	-1.12115E-9
-0.01423	-1.08744E-9
-0.01412	-1.05274E-9
-0.01403	-1.02056E-9
-0.0139	-9.8622E-10
-0.01379	-9.52514E-10
-0.01367	-9.17612E-10
-0.01352	-8.83633E-10
-0.01341	-8.4784E-10
-0.01324	-8.14848E-10
-0.01308	-7.80144E-10
-0.01292	-7.45202E-10
-0.01272	-7.10492E-10
-0.01254	-6.7595E-10
-0.01232	-6.40907E-10
-0.0121	-6.06949E-10
-0.01186	-5.72292E-10
-0.01159	-5.39175E-10
-0.01129	-5.04535E-10
-0.01101	-4.72366E-10
-0.0109	-4.62182E-10
-0.01069	-4.41247E-10
-0.01047	-4.2096E-10
-0.01024	-4.01323E-10
-0.01001	-3.82335E-10
-0.00978	-3.63996E-10
-0.00957	-3.46306E-10
-0.00932	-3.29265E-10
-0.00911	-3.12873E-10
-0.00889	-2.97131E-10
-0.0087	-2.82037E-10
-0.00851	-2.67593E-10
-0.0083	-2.53797E-10
-0.0081	-2.4248E-10
-0.00789	-2.31383E-10
-0.00769	-2.20104E-10
-0.00748	-2.09053E-10
-0.00729	-1.9834E-10
-0.00711	-1.87714E-10
-0.00695	-1.77362E-10
-0.00678	-1.6764E-10
-0.00658	-1.58315E-10
-0.00639	-1.49392E-10
-0.0062	-1.41086E-10
-0.00595	-1.33179E-10
-0.00573	-1.24908E-10
-0.00549	-1.16145E-10
-0.00527	-1.07249E-10
-0.00505	-9.82473E-11
-0.00477	-8.91354E-11
-0.00452	-8.0317E-11
-0.00425	-7.21728E-11
-0.00391	-6.51263E-11
-0.00357	-5.83088E-11
-0.00316	-5.09669E-11
-0.00277	-4.32245E-11
-0.00235	-3.59986E-11
-0.00185	-2.8415E-11
-0.00137	-1.94595E-11
-8.61256E-4	-1.10243E-11
-2.53068E-4	-2.75027E-12
3.27851E-4	5.23757E-12
9.687E-4	1.33713E-11
0.00152	2.06982E-11
0.00202	2.75021E-11
0.00254	3.45719E-11
0.00298	4.13533E-11
0.00335	4.85238E-11
0.00372	5.7114E-11
0.00406	6.59917E-11
0.00434	7.50516E-11
0.00465	8.39205E-11
0.0049	9.27702E-11
0.00516	1.01148E-10
0.00539	1.08206E-10
0.00561	1.15587E-10
0.00586	1.23168E-10
0.00607	1.30403E-10
0.00628	1.38723E-10
0.00651	1.47627E-10
0.00669	1.56548E-10
0.00689	1.66268E-10
0.00705	1.76705E-10
0.00721	1.86377E-10
0.00737	1.95744E-10
0.00753	2.0492E-10
0.0077	2.14274E-10
0.0079	2.2316E-10
0.00807	2.3216E-10
0.00828	2.43029E-10
0.00847	2.54516E-10
0.00866	2.67829E-10
0.00884	2.82968E-10
0.00903	2.96574E-10
0.00921	3.10672E-10
0.0094	3.25261E-10
0.00959	3.40341E-10
0.0098	3.55913E-10
0.01	3.71976E-10
0.01022	3.8853E-10
0.01043	4.05576E-10
0.01065	4.23113E-10
0.01084	4.41141E-10
0.01103	4.59661E-10
0.01103	4.78672E-10
0.01126	4.91563E-10
0.01157	5.24067E-10
0.01182	5.59197E-10
0.01208	5.91461E-10
0.01232	6.25189E-10
0.01253	6.60957E-10
0.01273	6.95325E-10
0.0129	7.26774E-10
0.01309	7.61152E-10
0.01325	7.95429E-10
0.01339	8.30877E-10
0.01354	8.65037E-10
0.01366	9.00008E-10
0.01379	9.34694E-10
0.01392	9.69674E-10
0.01401	1.00428E-9
0.01413	1.03932E-9
0.01423	1.07347E-9
0.01431	1.10871E-9
0.01441	1.14251E-9
0.01447	1.17767E-9
0.01455	1.21085E-9
0.01465	1.24499E-9
0.0147	1.27905E-9
0.01477	1.31431E-9
0.01484	1.34798E-9
0.01489	1.38289E-9
0.01496	1.41661E-9
0.01501	1.45196E-9
0.01504	1.4832E-9
0.01515	1.55385E-9
0.01525	1.63079E-9
0.01534	1.69174E-9
0.01542	1.76232E-9
0.01551	1.85397E-9
0.01559	1.94407E-9
0.01567	2.03519E-9
0.01574	2.13194E-9
0.01581	2.2396E-9
0.01589	2.34147E-9
0.01595	2.44152E-9
0.01601	2.55024E-9
0.01607	2.6644E-9
0.01613	2.78056E-9
0.01618	2.90995E-9
0.01624	3.05544E-9
0.01629	3.20328E-9
0.01634	3.34849E-9
0.01639	3.49642E-9
0.01643	3.65233E-9
0.01648	3.81756E-9
0.01652	3.98934E-9
0.01656	4.16523E-9
0.0166	4.36594E-9
0.01664	4.56892E-9
0.01667	4.78023E-9
0.01671	4.99813E-9
0.01675	5.23564E-9
0.01678	5.47149E-9
0.01681	5.72155E-9
0.01684	5.96751E-9
0.01687	6.23751E-9
0.0169	6.51324E-9
0.01693	6.81413E-9
0.01697	7.13137E-9
0.01699	7.45748E-9
0.01702	7.78773E-9
0.01705	8.14853E-9
0.01708	8.52051E-9
0.01711	8.90796E-9
0.01714	9.3037E-9
0.01717	9.69229E-9
0.01719	1.00733E-8
0.01721	1.04619E-8
0.01724	1.08462E-8
0.01726	1.12256E-8
0.01728	1.16146E-8
0.0173	1.20125E-8
0.01732	1.24067E-8
0.01734	1.27971E-8
0.01735	1.31869E-8
0.01737	1.35847E-8
0.01739	1.39665E-8
0.0174	1.43518E-8
0.01742	1.47367E-8
0.01743	1.51247E-8
0.01745	1.55045E-8
0.01746	1.59017E-8
0.01747	1.62904E-8
0.01749	1.66847E-8
0.0175	1.70748E-8
0.01752	1.74682E-8
0.01753	1.78613E-8
0.01754	1.82432E-8
0.01755	1.86289E-8
0.01756	1.90141E-8
0.01757	1.94087E-8
0.01758	1.97858E-8
0.0176	2.01828E-8
0.01761	2.05738E-8
0.01762	2.09648E-8
0.01763	2.13569E-8
0.01764	2.17513E-8
0.01765	2.21318E-8
0.01766	2.25263E-8
0.01767	2.29111E-8
0.01768	2.3309E-8
0.01768	2.36869E-8
0.01769	2.40707E-8
0.0177	2.44655E-8
0.01771	2.48523E-8
0.01772	2.52434E-8
0.01773	2.56413E-8
0.01773	2.60259E-8
0.01774	2.64098E-8
0.01775	2.67953E-8
0.01775	2.71809E-8
0.01776	2.75705E-8
0.01777	2.79507E-8
0.01778	2.83513E-8
0.01779	2.87419E-8
0.01779	2.9133E-8
0.0178	2.95233E-8
0.0178	2.99182E-8
0.01781	3.03015E-8
0.01782	3.0687E-8
0.01782	3.10722E-8
0.01783	3.14604E-8
0.01784	3.18407E-8
0.01785	3.2235E-8
0.01785	3.26293E-8
0.01786	3.30205E-8
0.01786	3.34115E-8
0.01787	3.38015E-8
0.01788	3.42E-8
0.01788	3.45809E-8
0.01789	3.49548E-8
0.01789	3.5347E-8
0.0179	3.57462E-8
0.0179	3.61422E-8
0.01791	3.65301E-8
0.01792	3.69155E-8
0.01792	3.7301E-8
0.01793	3.76872E-8
0.01793	3.80701E-8
0.01794	3.84595E-8
